8043875682 
8046471013 
8043630175 
8042525154 
8048780927 
8045035836 
8044899335 
8046835066 
8049200899 
8048747597 
8046656882 
8048747597 
8042189790 
8047400037 
8046516374 
8042727998 
3232749081 
5409030403 
8043567722 
8043345698 
8049289677 
8049286429 
8046516374 
8045622550 
3232749081 
8048736398 
8045030556 
8043322771 
8043322771 
8047489475 
8047616620 
8042210928 
8042614127 
5409030403 
8049718189 
7039659763 
5187286050 
8043980684 
8049099732 
7039659763 
8047352300 
8042953773 
8046518190 
8048734162 
8043102566 
8043005920 
8045642344 
8047679439 
8048398070 
8047415051 
8043562378 
5717336422 
8049376406 
5404542888 
8043379102 
6312751964 
8047483833 
8046471042 
8049282832 
8047471373 
8049862801 
8049019647 
8042210630 
8046471042 
8047304209 
8045039335 
8043990030 
8043296419 
8043474815 
8049209975 
8045432227 
4342483104